     Energy       Flux            PL            PC          PL45
         eV  ph/s/0.1%             -             -             -
2.00000e+02  4.535e+10  9.977480e-01  0.000000e+00  0.000000e+00
2.02000e+02  4.571e+10  9.977503e-01  0.000000e+00  0.000000e+00
2.04000e+02  4.715e+10  9.978040e-01  0.000000e+00  0.000000e+00
2.06000e+02  4.817e+10  9.978354e-01  0.000000e+00  0.000000e+00
2.08000e+02  4.841e+10  9.978303e-01  0.000000e+00  0.000000e+00
2.10000e+02  4.964e+10  9.978693e-01  0.000000e+00  0.000000e+00
2.12000e+02  5.114e+10  9.979170e-01  0.000000e+00  0.000000e+00
2.14000e+02  5.152e+10  9.979165e-01  0.000000e+00  0.000000e+00
2.16000e+02  5.241e+10  9.979366e-01  0.000000e+00  0.000000e+00
2.18000e+02  5.424e+10  9.979915e-01  0.000000e+00  0.000000e+00
2.20000e+02  5.503e+10  9.980049e-01  0.000000e+00  0.000000e+00
2.22000e+02  5.560e+10  9.980094e-01  0.000000e+00  0.000000e+00
2.24000e+02  5.749e+10  9.980602e-01  0.000000e+00  0.000000e+00
2.26000e+02  5.889e+10  9.980910e-01  0.000000e+00  0.000000e+00
2.28000e+02  5.932e+10  9.980890e-01  0.000000e+00  0.000000e+00
2.30000e+02  6.100e+10  9.981264e-01  0.000000e+00  0.000000e+00
2.32000e+02  6.303e+10  9.981716e-01  0.000000e+00  0.000000e+00
2.34000e+02  6.365e+10  9.981738e-01  0.000000e+00  0.000000e+00
2.36000e+02  6.494e+10  9.981941e-01  0.000000e+00  0.000000e+00
2.38000e+02  6.741e+10  9.982455e-01  0.000000e+00  0.000000e+00
2.40000e+02  6.860e+10  9.982601e-01  0.000000e+00  0.000000e+00
2.42000e+02  6.950e+10  9.982666e-01  0.000000e+00  0.000000e+00
2.44000e+02  7.211e+10  9.983140e-01  0.000000e+00  0.000000e+00
2.46000e+02  7.410e+10  9.983439e-01  0.000000e+00  0.000000e+00
2.48000e+02  7.488e+10  9.983448e-01  0.000000e+00  0.000000e+00
2.50000e+02  7.726e+10  9.983801e-01  0.000000e+00  0.000000e+00
2.52000e+02  8.011e+10  9.984224e-01  0.000000e+00  0.000000e+00
2.54000e+02  8.119e+10  9.984270e-01  0.000000e+00  0.000000e+00
2.56000e+02  8.312e+10  9.984473e-01  0.000000e+00  0.000000e+00
2.58000e+02  8.663e+10  9.984946e-01  0.000000e+00  0.000000e+00
2.60000e+02  8.849e+10  9.985100e-01  0.000000e+00  0.000000e+00
2.62000e+02  9.000e+10  9.985182e-01  0.000000e+00  0.000000e+00
2.64000e+02  9.376e+10  9.985617e-01  0.000000e+00  0.000000e+00
2.66000e+02  9.677e+10  9.985903e-01  0.000000e+00  0.000000e+00
2.68000e+02  9.819e+10  9.985936e-01  0.000000e+00  0.000000e+00
2.70000e+02  1.018e+11  9.986264e-01  0.000000e+00  0.000000e+00
2.72000e+02  1.060e+11  9.986653e-01  0.000000e+00  0.000000e+00
2.74000e+02  1.079e+11  9.986719e-01  0.000000e+00  0.000000e+00
2.76000e+02  1.110e+11  9.986916e-01  0.000000e+00  0.000000e+00
2.78000e+02  1.163e+11  9.987343e-01  0.000000e+00  0.000000e+00
2.80000e+02  1.194e+11  9.987501e-01  0.000000e+00  0.000000e+00
2.82000e+02  1.221e+11  9.987594e-01  0.000000e+00  0.000000e+00
2.84000e+02  1.279e+11  9.987984e-01  0.000000e+00  0.000000e+00
2.86000e+02  1.328e+11  9.988251e-01  0.000000e+00  0.000000e+00
2.88000e+02  1.355e+11  9.988303e-01  0.000000e+00  0.000000e+00
2.90000e+02  1.413e+11  9.988599e-01  0.000000e+00  0.000000e+00
2.92000e+02  1.481e+11  9.988948e-01  0.000000e+00  0.000000e+00
2.94000e+02  1.518e+11  9.989027e-01  0.000000e+00  0.000000e+00
2.96000e+02  1.572e+11  9.989211e-01  0.000000e+00  0.000000e+00
2.98000e+02  1.659e+11  9.989587e-01  0.000000e+00  0.000000e+00
3.00000e+02  1.716e+11  9.989741e-01  0.000000e+00  0.000000e+00
3.02000e+02  1.767e+11  9.989837e-01  0.000000e+00  0.000000e+00
3.04000e+02  1.866e+11  9.990177e-01  0.000000e+00  0.000000e+00
3.06000e+02  1.953e+11  9.990416e-01  0.000000e+00  0.000000e+00
3.08000e+02  2.010e+11  9.990478e-01  0.000000e+00  0.000000e+00
3.10000e+02  2.114e+11  9.990735e-01  0.000000e+00  0.000000e+00
3.12000e+02  2.237e+11  9.991037e-01  0.000000e+00  0.000000e+00
3.14000e+02  2.316e+11  9.991118e-01  0.000000e+00  0.000000e+00
3.16000e+02  2.422e+11  9.991280e-01  0.000000e+00  0.000000e+00
3.18000e+02  2.582e+11  9.991597e-01  0.000000e+00  0.000000e+00
3.20000e+02  2.701e+11  9.991736e-01  0.000000e+00  0.000000e+00
3.22000e+02  2.815e+11  9.991824e-01  0.000000e+00  0.000000e+00
3.24000e+02  3.007e+11  9.992104e-01  0.000000e+00  0.000000e+00
3.26000e+02  3.189e+11  9.992306e-01  0.000000e+00  0.000000e+00
3.28000e+02  3.328e+11  9.992362e-01  0.000000e+00  0.000000e+00
3.30000e+02  3.549e+11  9.992569e-01  0.000000e+00  0.000000e+00
3.32000e+02  3.813e+11  9.992813e-01  0.000000e+00  0.000000e+00
3.34000e+02  4.011e+11  9.992880e-01  0.000000e+00  0.000000e+00
3.36000e+02  4.265e+11  9.993005e-01  0.000000e+00  0.000000e+00
3.38000e+02  4.627e+11  9.993250e-01  0.000000e+00  0.000000e+00
3.40000e+02  4.936e+11  9.993356e-01  0.000000e+00  0.000000e+00
3.42000e+02  5.249e+11  9.993414e-01  0.000000e+00  0.000000e+00
3.44000e+02  5.727e+11  9.993619e-01  0.000000e+00  0.000000e+00
3.46000e+02  6.216e+11  9.993764e-01  0.000000e+00  0.000000e+00
3.48000e+02  6.655e+11  9.993787e-01  0.000000e+00  0.000000e+00
3.50000e+02  7.285e+11  9.993920e-01  0.000000e+00  0.000000e+00
3.52000e+02  8.052e+11  9.994082e-01  0.000000e+00  0.000000e+00
3.54000e+02  8.748e+11  9.994099e-01  0.000000e+00  0.000000e+00
3.56000e+02  9.624e+11  9.994148e-01  0.000000e+00  0.000000e+00
3.58000e+02  1.082e+12  9.994286e-01  0.000000e+00  0.000000e+00
3.60000e+02  1.204e+12  9.994307e-01  0.000000e+00  0.000000e+00
3.62000e+02  1.341e+12  9.994271e-01  0.000000e+00  0.000000e+00
3.64000e+02  1.536e+12  9.994331e-01  0.000000e+00  0.000000e+00
3.66000e+02  1.765e+12  9.994323e-01  0.000000e+00  0.000000e+00
3.68000e+02  2.019e+12  9.994163e-01  0.000000e+00  0.000000e+00
3.70000e+02  2.380e+12  9.993989e-01  0.000000e+00  0.000000e+00
3.72000e+02  2.877e+12  9.993646e-01  0.000000e+00  0.000000e+00
3.74000e+02  3.525e+12  9.992755e-01  0.000000e+00  0.000000e+00
3.76000e+02  4.576e+12  9.991124e-01  0.000000e+00  0.000000e+00
3.78000e+02  6.548e+12  9.988660e-01  0.000000e+00  0.000000e+00
3.80000e+02  1.049e+13  9.985682e-01  0.000000e+00  0.000000e+00
3.82000e+02  1.901e+13  9.983622e-01  0.000000e+00  0.000000e+00
3.84000e+02  3.761e+13  9.983492e-01  0.000000e+00  0.000000e+00
3.86000e+02  7.544e+13  9.984887e-01  0.000000e+00  0.000000e+00
3.88000e+02  1.451e+14  9.987128e-01  0.000000e+00  0.000000e+00
3.90000e+02  2.595e+14  9.989728e-01  0.000000e+00  0.000000e+00
3.92000e+02  4.253e+14  9.992357e-01  0.000000e+00  0.000000e+00
3.94000e+02  6.473e+14  9.994874e-01  0.000000e+00  0.000000e+00
3.96000e+02  9.842e+14  9.997253e-01  0.000000e+00  0.000000e+00
3.98000e+02  1.382e+15  9.998976e-01  0.000000e+00  0.000000e+00
4.00000e+02  8.797e+14  9.999582e-01  0.000000e+00  0.000000e+00
4.02000e+02  1.567e+14  9.999361e-01  0.000000e+00  0.000000e+00
4.04000e+02  4.121e+13  9.998682e-01  0.000000e+00  0.000000e+00
4.06000e+02  2.097e+13  9.998267e-01  0.000000e+00  0.000000e+00
4.08000e+02  1.295e+13  9.997942e-01  0.000000e+00  0.000000e+00
4.10000e+02  9.205e+12  9.997761e-01  0.000000e+00  0.000000e+00
4.12000e+02  6.846e+12  9.997581e-01  0.000000e+00  0.000000e+00
4.14000e+02  5.139e+12  9.997323e-01  0.000000e+00  0.000000e+00
4.16000e+02  4.107e+12  9.997153e-01  0.000000e+00  0.000000e+00
4.18000e+02  3.422e+12  9.997047e-01  0.000000e+00  0.000000e+00
4.20000e+02  2.802e+12  9.996827e-01  0.000000e+00  0.000000e+00
4.22000e+02  2.341e+12  9.996608e-01  0.000000e+00  0.000000e+00
4.24000e+02  2.050e+12  9.996509e-01  0.000000e+00  0.000000e+00
4.26000e+02  1.776e+12  9.996328e-01  0.000000e+00  0.000000e+00
4.28000e+02  1.523e+12  9.996058e-01  0.000000e+00  0.000000e+00
4.30000e+02  1.363e+12  9.995914e-01  0.000000e+00  0.000000e+00
4.32000e+02  1.228e+12  9.995769e-01  0.000000e+00  0.000000e+00
4.34000e+02  1.079e+12  9.995471e-01  0.000000e+00  0.000000e+00
4.36000e+02  9.720e+11  9.995246e-01  0.000000e+00  0.000000e+00
4.38000e+02  8.981e+11  9.995116e-01  0.000000e+00  0.000000e+00
4.40000e+02  8.087e+11  9.994822e-01  0.000000e+00  0.000000e+00
4.42000e+02  7.306e+11  9.994500e-01  0.000000e+00  0.000000e+00
4.44000e+02  6.836e+11  9.994346e-01  0.000000e+00  0.000000e+00
4.46000e+02  6.308e+11  9.994085e-01  0.000000e+00  0.000000e+00
4.48000e+02  5.726e+11  9.993681e-01  0.000000e+00  0.000000e+00
4.50000e+02  5.369e+11  9.993452e-01  0.000000e+00  0.000000e+00
4.52000e+02  5.058e+11  9.993231e-01  0.000000e+00  0.000000e+00
4.54000e+02  4.637e+11  9.992785e-01  0.000000e+00  0.000000e+00
4.56000e+02  4.333e+11  9.992437e-01  0.000000e+00  0.000000e+00
4.58000e+02  4.138e+11  9.992235e-01  0.000000e+00  0.000000e+00
4.60000e+02  3.852e+11  9.991798e-01  0.000000e+00  0.000000e+00
4.62000e+02  3.584e+11  9.991315e-01  0.000000e+00  0.000000e+00
4.64000e+02  3.441e+11  9.991079e-01  0.000000e+00  0.000000e+00
4.66000e+02  3.258e+11  9.990694e-01  0.000000e+00  0.000000e+00
4.68000e+02  3.032e+11  9.990100e-01  0.000000e+00  0.000000e+00
4.70000e+02  2.903e+11  9.989759e-01  0.000000e+00  0.000000e+00
4.72000e+02  2.792e+11  9.989440e-01  0.000000e+00  0.000000e+00
4.74000e+02  2.614e+11  9.988795e-01  0.000000e+00  0.000000e+00
4.76000e+02  2.487e+11  9.988290e-01  0.000000e+00  0.000000e+00
4.78000e+02  2.415e+11  9.988005e-01  0.000000e+00  0.000000e+00
4.80000e+02  2.287e+11  9.987385e-01  0.000000e+00  0.000000e+00
4.82000e+02  2.163e+11  9.986697e-01  0.000000e+00  0.000000e+00
4.84000e+02  2.106e+11  9.986370e-01  0.000000e+00  0.000000e+00
4.86000e+02  2.023e+11  9.985836e-01  0.000000e+00  0.000000e+00
4.88000e+02  1.910e+11  9.985003e-01  0.000000e+00  0.000000e+00
4.90000e+02  1.852e+11  9.984535e-01  0.000000e+00  0.000000e+00
4.92000e+02  1.803e+11  9.984105e-01  0.000000e+00  0.000000e+00
4.94000e+02  1.710e+11  9.983215e-01  0.000000e+00  0.000000e+00
4.96000e+02  1.645e+11  9.982527e-01  0.000000e+00  0.000000e+00
4.98000e+02  1.614e+11  9.982153e-01  0.000000e+00  0.000000e+00
5.00000e+02  1.546e+11  9.981314e-01  0.000000e+00  0.000000e+00
5.02000e+02  1.478e+11  9.980383e-01  0.000000e+00  0.000000e+00
5.04000e+02  1.452e+11  9.979958e-01  0.000000e+00  0.000000e+00
5.06000e+02  1.409e+11  9.979254e-01  0.000000e+00  0.000000e+00
5.08000e+02  1.344e+11  9.978139e-01  0.000000e+00  0.000000e+00
5.10000e+02  1.314e+11  9.977531e-01  0.000000e+00  0.000000e+00
5.12000e+02  1.289e+11  9.976979e-01  0.000000e+00  0.000000e+00
5.14000e+02  1.234e+11  9.975805e-01  0.000000e+00  0.000000e+00
5.16000e+02  1.197e+11  9.974909e-01  0.000000e+00  0.000000e+00
5.18000e+02  1.183e+11  9.974441e-01  0.000000e+00  0.000000e+00
5.20000e+02  1.143e+11  9.973354e-01  0.000000e+00  0.000000e+00
5.22000e+02  1.101e+11  9.972148e-01  0.000000e+00  0.000000e+00
5.24000e+02  1.089e+11  9.971620e-01  0.000000e+00  0.000000e+00
5.26000e+02  1.064e+11  9.970725e-01  0.000000e+00  0.000000e+00
5.28000e+02  1.023e+11  9.969296e-01  0.000000e+00  0.000000e+00
5.30000e+02  1.006e+11  9.968534e-01  0.000000e+00  0.000000e+00
5.32000e+02  9.935e+10  9.967851e-01  0.000000e+00  0.000000e+00
5.34000e+02  9.584e+10  9.966364e-01  0.000000e+00  0.000000e+00
5.36000e+02  9.359e+10  9.965240e-01  0.000000e+00  0.000000e+00
5.38000e+02  9.295e+10  9.964673e-01  0.000000e+00  0.000000e+00
5.40000e+02  9.041e+10  9.963315e-01  0.000000e+00  0.000000e+00
5.42000e+02  8.774e+10  9.961812e-01  0.000000e+00  0.000000e+00
5.44000e+02  8.716e+10  9.961174e-01  0.000000e+00  0.000000e+00
5.46000e+02  8.567e+10  9.960077e-01  0.000000e+00  0.000000e+00
5.48000e+02  8.295e+10  9.958311e-01  0.000000e+00  0.000000e+00
5.50000e+02  8.202e+10  9.957386e-01  0.000000e+00  0.000000e+00
5.52000e+02  8.137e+10  9.956563e-01  0.000000e+00  0.000000e+00
5.54000e+02  7.903e+10  9.954747e-01  0.000000e+00  0.000000e+00
5.56000e+02  7.761e+10  9.953385e-01  0.000000e+00  0.000000e+00
5.58000e+02  7.741e+10  9.952712e-01  0.000000e+00  0.000000e+00
5.60000e+02  7.575e+10  9.951075e-01  0.000000e+00  0.000000e+00
5.62000e+02  7.396e+10  9.949267e-01  0.000000e+00  0.000000e+00
5.64000e+02  7.378e+10  9.948511e-01  0.000000e+00  0.000000e+00
5.66000e+02  7.289e+10  9.947205e-01  0.000000e+00  0.000000e+00
5.68000e+02  7.103e+10  9.945101e-01  0.000000e+00  0.000000e+00
5.70000e+02  7.056e+10  9.944008e-01  0.000000e+00  0.000000e+00
5.72000e+02  7.030e+10  9.943040e-01  0.000000e+00  0.000000e+00
5.74000e+02  6.871e+10  9.940899e-01  0.000000e+00  0.000000e+00
5.76000e+02  6.783e+10  9.939302e-01  0.000000e+00  0.000000e+00
5.78000e+02  6.790e+10  9.938515e-01  0.000000e+00  0.000000e+00
5.80000e+02  6.683e+10  9.936605e-01  0.000000e+00  0.000000e+00
5.82000e+02  6.564e+10  9.934506e-01  0.000000e+00  0.000000e+00
5.84000e+02  6.572e+10  9.933627e-01  0.000000e+00  0.000000e+00
5.86000e+02  6.524e+10  9.932115e-01  0.000000e+00  0.000000e+00
5.88000e+02  6.399e+10  9.929699e-01  0.000000e+00  0.000000e+00
5.90000e+02  6.383e+10  9.928441e-01  0.000000e+00  0.000000e+00
5.92000e+02  6.385e+10  9.927325e-01  0.000000e+00  0.000000e+00
5.94000e+02  6.279e+10  9.924891e-01  0.000000e+00  0.000000e+00
5.96000e+02  6.231e+10  9.923078e-01  0.000000e+00  0.000000e+00
5.98000e+02  6.260e+10  9.922171e-01  0.000000e+00  0.000000e+00
6.00000e+02  6.196e+10  9.920017e-01  0.000000e+00  0.000000e+00
6.02000e+02  6.123e+10  9.917668e-01  0.000000e+00  0.000000e+00
6.04000e+02  6.152e+10  9.916663e-01  0.000000e+00  0.000000e+00
6.06000e+02  6.137e+10  9.914966e-01  0.000000e+00  0.000000e+00
6.08000e+02  6.058e+10  9.912295e-01  0.000000e+00  0.000000e+00
6.10000e+02  6.070e+10  9.910887e-01  0.000000e+00  0.000000e+00
6.12000e+02  6.096e+10  9.909629e-01  0.000000e+00  0.000000e+00
6.14000e+02  6.035e+10  9.906968e-01  0.000000e+00  0.000000e+00
6.16000e+02  6.020e+10  9.904981e-01  0.000000e+00  0.000000e+00
6.18000e+02  6.070e+10  9.903953e-01  0.000000e+00  0.000000e+00
6.20000e+02  6.044e+10  9.901614e-01  0.000000e+00  0.000000e+00
6.22000e+02  6.011e+10  9.899087e-01  0.000000e+00  0.000000e+00
6.24000e+02  6.063e+10  9.897963e-01  0.000000e+00  0.000000e+00
6.26000e+02  6.080e+10  9.896121e-01  0.000000e+00  0.000000e+00
6.28000e+02  6.044e+10  9.893293e-01  0.000000e+00  0.000000e+00
6.30000e+02  6.083e+10  9.891767e-01  0.000000e+00  0.000000e+00
6.32000e+02  6.137e+10  9.890390e-01  0.000000e+00  0.000000e+00
6.34000e+02  6.118e+10  9.887605e-01  0.000000e+00  0.000000e+00
6.36000e+02  6.139e+10  9.885516e-01  0.000000e+00  0.000000e+00
6.38000e+02  6.216e+10  9.884382e-01  0.000000e+00  0.000000e+00
6.40000e+02  6.230e+10  9.881952e-01  0.000000e+00  0.000000e+00
6.42000e+02  6.239e+10  9.879359e-01  0.000000e+00  0.000000e+00
6.44000e+02  6.322e+10  9.878145e-01  0.000000e+00  0.000000e+00
6.46000e+02  6.377e+10  9.876230e-01  0.000000e+00  0.000000e+00
6.48000e+02  6.388e+10  9.873383e-01  0.000000e+00  0.000000e+00
6.50000e+02  6.465e+10  9.871801e-01  0.000000e+00  0.000000e+00
6.52000e+02  6.557e+10  9.870358e-01  0.000000e+00  0.000000e+00
6.54000e+02  6.588e+10  9.867596e-01  0.000000e+00  0.000000e+00
6.56000e+02  6.657e+10  9.865515e-01  0.000000e+00  0.000000e+00
6.58000e+02  6.774e+10  9.864324e-01  0.000000e+00  0.000000e+00
6.60000e+02  6.842e+10  9.861938e-01  0.000000e+00  0.000000e+00
6.62000e+02  6.907e+10  9.859436e-01  0.000000e+00  0.000000e+00
6.64000e+02  7.039e+10  9.858199e-01  0.000000e+00  0.000000e+00
6.66000e+02  7.150e+10  9.856328e-01  0.000000e+00  0.000000e+00
6.68000e+02  7.228e+10  9.853652e-01  0.000000e+00  0.000000e+00
6.70000e+02  7.366e+10  9.852125e-01  0.000000e+00  0.000000e+00
6.72000e+02  7.520e+10  9.850718e-01  0.000000e+00  0.000000e+00
6.74000e+02  7.628e+10  9.848179e-01  0.000000e+00  0.000000e+00
6.76000e+02  7.772e+10  9.846271e-01  0.000000e+00  0.000000e+00
6.78000e+02  7.964e+10  9.845130e-01  0.000000e+00  0.000000e+00
6.80000e+02  8.119e+10  9.842984e-01  0.000000e+00  0.000000e+00
6.82000e+02  8.279e+10  9.840787e-01  0.000000e+00  0.000000e+00
6.84000e+02  8.503e+10  9.839667e-01  0.000000e+00  0.000000e+00
6.86000e+02  8.717e+10  9.838026e-01  0.000000e+00  0.000000e+00
6.88000e+02  8.910e+10  9.835773e-01  0.000000e+00  0.000000e+00
6.90000e+02  9.165e+10  9.834491e-01  0.000000e+00  0.000000e+00
6.92000e+02  9.445e+10  9.833309e-01  0.000000e+00  0.000000e+00
6.94000e+02  9.696e+10  9.831270e-01  0.000000e+00  0.000000e+00
6.96000e+02  9.990e+10  9.829785e-01  0.000000e+00  0.000000e+00
6.98000e+02  1.034e+11  9.828911e-01  0.000000e+00  0.000000e+00
7.00000e+02  1.067e+11  9.827296e-01  0.000000e+00  0.000000e+00
7.02000e+02  1.103e+11  9.825718e-01  0.000000e+00  0.000000e+00
7.04000e+02  1.146e+11  9.824982e-01  0.000000e+00  0.000000e+00
7.06000e+02  1.190e+11  9.823887e-01  0.000000e+00  0.000000e+00
7.08000e+02  1.235e+11  9.822426e-01  0.000000e+00  0.000000e+00
7.10000e+02  1.289e+11  9.821733e-01  0.000000e+00  0.000000e+00
7.12000e+02  1.347e+11  9.821143e-01  0.000000e+00  0.000000e+00
7.14000e+02  1.407e+11  9.820032e-01  0.000000e+00  0.000000e+00
7.16000e+02  1.474e+11  9.819407e-01  0.000000e+00  0.000000e+00
7.18000e+02  1.551e+11  9.819252e-01  0.000000e+00  0.000000e+00
7.20000e+02  1.632e+11  9.818685e-01  0.000000e+00  0.000000e+00
7.22000e+02  1.720e+11  9.818278e-01  0.000000e+00  0.000000e+00
7.24000e+02  1.823e+11  9.818518e-01  0.000000e+00  0.000000e+00
7.26000e+02  1.936e+11  9.818639e-01  0.000000e+00  0.000000e+00
7.28000e+02  2.059e+11  9.818724e-01  0.000000e+00  0.000000e+00
7.30000e+02  2.202e+11  9.819479e-01  0.000000e+00  0.000000e+00
7.32000e+02  2.365e+11  9.820499e-01  0.000000e+00  0.000000e+00
7.34000e+02  2.547e+11  9.821550e-01  0.000000e+00  0.000000e+00
7.36000e+02  2.762e+11  9.823356e-01  0.000000e+00  0.000000e+00
7.38000e+02  3.019e+11  9.826038e-01  0.000000e+00  0.000000e+00
7.40000e+02  3.328e+11  9.829438e-01  0.000000e+00  0.000000e+00
7.42000e+02  3.717e+11  9.834355e-01  0.000000e+00  0.000000e+00
7.44000e+02  4.228e+11  9.841471e-01  0.000000e+00  0.000000e+00
7.46000e+02  4.930e+11  9.851113e-01  0.000000e+00  0.000000e+00
7.48000e+02  5.933e+11  9.863674e-01  0.000000e+00  0.000000e+00
7.50000e+02  7.426e+11  9.879024e-01  0.000000e+00  0.000000e+00
7.52000e+02  9.734e+11  9.896239e-01  0.000000e+00  0.000000e+00
7.54000e+02  1.337e+12  9.913585e-01  0.000000e+00  0.000000e+00
7.56000e+02  1.913e+12  9.929359e-01  0.000000e+00  0.000000e+00
7.58000e+02  2.830e+12  9.942171e-01  0.000000e+00  0.000000e+00
7.60000e+02  4.263e+12  9.951421e-01  0.000000e+00  0.000000e+00
7.62000e+02  6.474e+12  9.957406e-01  0.000000e+00  0.000000e+00
7.64000e+02  9.807e+12  9.960522e-01  0.000000e+00  0.000000e+00
7.66000e+02  1.469e+13  9.961354e-01  0.000000e+00  0.000000e+00
7.68000e+02  2.163e+13  9.960369e-01  0.000000e+00  0.000000e+00
7.70000e+02  3.115e+13  9.957749e-01  0.000000e+00  0.000000e+00
7.72000e+02  4.373e+13  9.953661e-01  0.000000e+00  0.000000e+00
7.74000e+02  5.965e+13  9.948184e-01  0.000000e+00  0.000000e+00
7.76000e+02  7.881e+13  9.941144e-01  0.000000e+00  0.000000e+00
7.78000e+02  1.006e+14  9.932292e-01  0.000000e+00  0.000000e+00
7.80000e+02  1.237e+14  9.921231e-01  0.000000e+00  0.000000e+00
7.82000e+02  1.462e+14  9.907218e-01  0.000000e+00  0.000000e+00
7.84000e+02  1.657e+14  9.888917e-01  0.000000e+00  0.000000e+00
7.86000e+02  1.796e+14  9.863673e-01  0.000000e+00  0.000000e+00
7.88000e+02  1.862e+14  9.827589e-01  0.000000e+00  0.000000e+00
7.90000e+02  1.842e+14  9.768100e-01  0.000000e+00  0.000000e+00
7.92000e+02  1.722e+14  9.658649e-01  0.000000e+00  0.000000e+00
7.94000e+02  1.483e+14  9.458620e-01  0.000000e+00  0.000000e+00
7.96000e+02  1.112e+14  9.204388e-01  0.000000e+00  0.000000e+00
7.98000e+02  6.593e+13  9.027016e-01  0.000000e+00  0.000000e+00
8.00000e+02  2.811e+13  8.995213e-01  0.000000e+00  0.000000e+00
8.02000e+02  9.297e+12  9.119191e-01  0.000000e+00  0.000000e+00
8.04000e+02  3.795e+12  9.334668e-01  0.000000e+00  0.000000e+00
8.06000e+02  2.349e+12  9.453615e-01  0.000000e+00  0.000000e+00
8.08000e+02  1.722e+12  9.508228e-01  0.000000e+00  0.000000e+00
8.10000e+02  1.346e+12  9.543459e-01  0.000000e+00  0.000000e+00
8.12000e+02  1.092e+12  9.569354e-01  0.000000e+00  0.000000e+00
8.14000e+02  9.086e+11  9.589462e-01  0.000000e+00  0.000000e+00
8.16000e+02  7.717e+11  9.606001e-01  0.000000e+00  0.000000e+00
8.18000e+02  6.660e+11  9.619935e-01  0.000000e+00  0.000000e+00
8.20000e+02  5.821e+11  9.631651e-01  0.000000e+00  0.000000e+00
8.22000e+02  5.142e+11  9.641963e-01  0.000000e+00  0.000000e+00
8.24000e+02  4.588e+11  9.651344e-01  0.000000e+00  0.000000e+00
8.26000e+02  4.125e+11  9.659573e-01  0.000000e+00  0.000000e+00
8.28000e+02  3.734e+11  9.666949e-01  0.000000e+00  0.000000e+00
8.30000e+02  3.403e+11  9.674033e-01  0.000000e+00  0.000000e+00
8.32000e+02  3.119e+11  9.680544e-01  0.000000e+00  0.000000e+00
8.34000e+02  2.872e+11  9.686338e-01  0.000000e+00  0.000000e+00
8.36000e+02  2.657e+11  9.692031e-01  0.000000e+00  0.000000e+00
8.38000e+02  2.470e+11  9.697582e-01  0.000000e+00  0.000000e+00
8.40000e+02  2.304e+11  9.702504e-01  0.000000e+00  0.000000e+00
8.42000e+02  2.156e+11  9.707254e-01  0.000000e+00  0.000000e+00
8.44000e+02  2.026e+11  9.712164e-01  0.000000e+00  0.000000e+00
8.46000e+02  1.909e+11  9.716626e-01  0.000000e+00  0.000000e+00
8.48000e+02  1.802e+11  9.720730e-01  0.000000e+00  0.000000e+00
8.50000e+02  1.708e+11  9.725110e-01  0.000000e+00  0.000000e+00
8.52000e+02  1.624e+11  9.729328e-01  0.000000e+00  0.000000e+00
8.54000e+02  1.545e+11  9.733032e-01  0.000000e+00  0.000000e+00
8.56000e+02  1.474e+11  9.736924e-01  0.000000e+00  0.000000e+00
8.58000e+02  1.411e+11  9.740964e-01  0.000000e+00  0.000000e+00
8.60000e+02  1.351e+11  9.744475e-01  0.000000e+00  0.000000e+00
8.62000e+02  1.296e+11  9.747934e-01  0.000000e+00  0.000000e+00
8.64000e+02  1.248e+11  9.751759e-01  0.000000e+00  0.000000e+00
8.66000e+02  1.202e+11  9.755218e-01  0.000000e+00  0.000000e+00
8.68000e+02  1.159e+11  9.758347e-01  0.000000e+00  0.000000e+00
8.70000e+02  1.121e+11  9.761879e-01  0.000000e+00  0.000000e+00
8.72000e+02  1.086e+11  9.765335e-01  0.000000e+00  0.000000e+00
8.74000e+02  1.052e+11  9.768276e-01  0.000000e+00  0.000000e+00
8.76000e+02  1.021e+11  9.771461e-01  0.000000e+00  0.000000e+00
8.78000e+02  9.936e+10  9.774872e-01  0.000000e+00  0.000000e+00
8.80000e+02  9.666e+10  9.777760e-01  0.000000e+00  0.000000e+00
8.82000e+02  9.412e+10  9.780608e-01  0.000000e+00  0.000000e+00
8.84000e+02  9.194e+10  9.783873e-01  0.000000e+00  0.000000e+00
8.86000e+02  8.983e+10  9.786795e-01  0.000000e+00  0.000000e+00
8.88000e+02  8.774e+10  9.789385e-01  0.000000e+00  0.000000e+00
8.90000e+02  8.595e+10  9.792397e-01  0.000000e+00  0.000000e+00
8.92000e+02  8.431e+10  9.795360e-01  0.000000e+00  0.000000e+00
8.94000e+02  8.261e+10  9.797814e-01  0.000000e+00  0.000000e+00
8.96000e+02  8.111e+10  9.800510e-01  0.000000e+00  0.000000e+00
8.98000e+02  7.982e+10  9.803444e-01  0.000000e+00  0.000000e+00
9.00000e+02  7.848e+10  9.805879e-01  0.000000e+00  0.000000e+00
9.02000e+02  7.720e+10  9.808268e-01  0.000000e+00  0.000000e+00
9.04000e+02  7.618e+10  9.811064e-01  0.000000e+00  0.000000e+00
9.06000e+02  7.515e+10  9.813543e-01  0.000000e+00  0.000000e+00
9.08000e+02  7.408e+10  9.815704e-01  0.000000e+00  0.000000e+00
9.10000e+02  7.324e+10  9.818258e-01  0.000000e+00  0.000000e+00
9.12000e+02  7.248e+10  9.820774e-01  0.000000e+00  0.000000e+00
9.14000e+02  7.162e+10  9.822818e-01  0.000000e+00  0.000000e+00
9.16000e+02  7.090e+10  9.825078e-01  0.000000e+00  0.000000e+00
9.18000e+02  7.035e+10  9.827559e-01  0.000000e+00  0.000000e+00
9.20000e+02  6.970e+10  9.829587e-01  0.000000e+00  0.000000e+00
9.22000e+02  6.909e+10  9.831569e-01  0.000000e+00  0.000000e+00
9.24000e+02  6.868e+10  9.833913e-01  0.000000e+00  0.000000e+00
9.26000e+02  6.825e+10  9.835977e-01  0.000000e+00  0.000000e+00
9.28000e+02  6.776e+10  9.837754e-01  0.000000e+00  0.000000e+00
9.30000e+02  6.744e+10  9.839874e-01  0.000000e+00  0.000000e+00
9.32000e+02  6.719e+10  9.841961e-01  0.000000e+00  0.000000e+00
9.34000e+02  6.684e+10  9.843635e-01  0.000000e+00  0.000000e+00
9.36000e+02  6.659e+10  9.845490e-01  0.000000e+00  0.000000e+00
9.38000e+02  6.648e+10  9.847535e-01  0.000000e+00  0.000000e+00
9.40000e+02  6.628e+10  9.849190e-01  0.000000e+00  0.000000e+00
9.42000e+02  6.610e+10  9.850800e-01  0.000000e+00  0.000000e+00
9.44000e+02  6.609e+10  9.852717e-01  0.000000e+00  0.000000e+00
9.46000e+02  6.605e+10  9.854395e-01  0.000000e+00  0.000000e+00
9.48000e+02  6.594e+10  9.855827e-01  0.000000e+00  0.000000e+00
9.50000e+02  6.600e+10  9.857544e-01  0.000000e+00  0.000000e+00
9.52000e+02  6.611e+10  9.859232e-01  0.000000e+00  0.000000e+00
9.54000e+02  6.611e+10  9.860573e-01  0.000000e+00  0.000000e+00
9.56000e+02  6.621e+10  9.862060e-01  0.000000e+00  0.000000e+00
9.58000e+02  6.644e+10  9.863703e-01  0.000000e+00  0.000000e+00
9.60000e+02  6.658e+10  9.865022e-01  0.000000e+00  0.000000e+00
9.62000e+02  6.673e+10  9.866301e-01  0.000000e+00  0.000000e+00
9.64000e+02  6.704e+10  9.867827e-01  0.000000e+00  0.000000e+00
9.66000e+02  6.732e+10  9.869158e-01  0.000000e+00  0.000000e+00
9.68000e+02  6.754e+10  9.870286e-01  0.000000e+00  0.000000e+00
9.70000e+02  6.791e+10  9.871641e-01  0.000000e+00  0.000000e+00
9.72000e+02  6.833e+10  9.872971e-01  0.000000e+00  0.000000e+00
9.74000e+02  6.866e+10  9.874018e-01  0.000000e+00  0.000000e+00
9.76000e+02  6.907e+10  9.875180e-01  0.000000e+00  0.000000e+00
9.78000e+02  6.961e+10  9.876464e-01  0.000000e+00  0.000000e+00
9.80000e+02  7.006e+10  9.877487e-01  0.000000e+00  0.000000e+00
9.82000e+02  7.054e+10  9.878475e-01  0.000000e+00  0.000000e+00
9.84000e+02  7.116e+10  9.879657e-01  0.000000e+00  0.000000e+00
9.86000e+02  7.177e+10  9.880682e-01  0.000000e+00  0.000000e+00
9.88000e+02  7.232e+10  9.881543e-01  0.000000e+00  0.000000e+00
9.90000e+02  7.302e+10  9.882580e-01  0.000000e+00  0.000000e+00
9.92000e+02  7.377e+10  9.883596e-01  0.000000e+00  0.000000e+00
9.94000e+02  7.444e+10  9.884386e-01  0.000000e+00  0.000000e+00
9.96000e+02  7.520e+10  9.885263e-01  0.000000e+00  0.000000e+00
9.98000e+02  7.608e+10  9.886234e-01  0.000000e+00  0.000000e+00
1.00000e+03  7.690e+10  9.886997e-01  0.000000e+00  0.000000e+00
1.00200e+03  7.775e+10  9.887730e-01  0.000000e+00  0.000000e+00
1.00400e+03  7.874e+10  9.888611e-01  0.000000e+00  0.000000e+00
1.00600e+03  7.973e+10  9.889367e-01  0.000000e+00  0.000000e+00
1.00800e+03  8.069e+10  9.889993e-01  0.000000e+00  0.000000e+00
1.01000e+03  8.179e+10  9.890752e-01  0.000000e+00  0.000000e+00
1.01200e+03  8.296e+10  9.891490e-01  0.000000e+00  0.000000e+00
1.01400e+03  8.406e+10  9.892052e-01  0.000000e+00  0.000000e+00
1.01600e+03  8.527e+10  9.892678e-01  0.000000e+00  0.000000e+00
1.01800e+03  8.661e+10  9.893370e-01  0.000000e+00  0.000000e+00
1.02000e+03  8.791e+10  9.893901e-01  0.000000e+00  0.000000e+00
1.02200e+03  8.925e+10  9.894405e-01  0.000000e+00  0.000000e+00
1.02400e+03  9.075e+10  9.895017e-01  0.000000e+00  0.000000e+00
1.02600e+03  9.227e+10  9.895530e-01  0.000000e+00  0.000000e+00
1.02800e+03  9.378e+10  9.895940e-01  0.000000e+00  0.000000e+00
1.03000e+03  9.545e+10  9.896446e-01  0.000000e+00  0.000000e+00
1.03200e+03  9.721e+10  9.896932e-01  0.000000e+00  0.000000e+00
1.03400e+03  9.895e+10  9.897280e-01  0.000000e+00  0.000000e+00
1.03600e+03  1.008e+11  9.897671e-01  0.000000e+00  0.000000e+00
1.03800e+03  1.028e+11  9.898105e-01  0.000000e+00  0.000000e+00
1.04000e+03  1.048e+11  9.898414e-01  0.000000e+00  0.000000e+00
1.04200e+03  1.069e+11  9.898698e-01  0.000000e+00  0.000000e+00
1.04400e+03  1.092e+11  9.899054e-01  0.000000e+00  0.000000e+00
1.04600e+03  1.115e+11  9.899330e-01  0.000000e+00  0.000000e+00
1.04800e+03  1.139e+11  9.899524e-01  0.000000e+00  0.000000e+00
1.05000e+03  1.164e+11  9.899781e-01  0.000000e+00  0.000000e+00
1.05200e+03  1.191e+11  9.900014e-01  0.000000e+00  0.000000e+00
1.05400e+03  1.219e+11  9.900140e-01  0.000000e+00  0.000000e+00
1.05600e+03  1.248e+11  9.900287e-01  0.000000e+00  0.000000e+00
1.05800e+03  1.279e+11  9.900456e-01  0.000000e+00  0.000000e+00
1.06000e+03  1.310e+11  9.900524e-01  0.000000e+00  0.000000e+00
1.06200e+03  1.344e+11  9.900564e-01  0.000000e+00  0.000000e+00
1.06400e+03  1.379e+11  9.900643e-01  0.000000e+00  0.000000e+00
1.06600e+03  1.416e+11  9.900653e-01  0.000000e+00  0.000000e+00
1.06800e+03  1.455e+11  9.900592e-01  0.000000e+00  0.000000e+00
1.07000e+03  1.496e+11  9.900561e-01  0.000000e+00  0.000000e+00
1.07200e+03  1.539e+11  9.900497e-01  0.000000e+00  0.000000e+00
1.07400e+03  1.584e+11  9.900342e-01  0.000000e+00  0.000000e+00
1.07600e+03  1.631e+11  9.900183e-01  0.000000e+00  0.000000e+00
1.07800e+03  1.682e+11  9.900019e-01  0.000000e+00  0.000000e+00
1.08000e+03  1.735e+11  9.899765e-01  0.000000e+00  0.000000e+00
1.08200e+03  1.790e+11  9.899468e-01  0.000000e+00  0.000000e+00
1.08400e+03  1.850e+11  9.899173e-01  0.000000e+00  0.000000e+00
1.08600e+03  1.913e+11  9.898801e-01  0.000000e+00  0.000000e+00
1.08800e+03  1.979e+11  9.898351e-01  0.000000e+00  0.000000e+00
1.09000e+03  2.050e+11  9.897886e-01  0.000000e+00  0.000000e+00
1.09200e+03  2.125e+11  9.897360e-01  0.000000e+00  0.000000e+00
1.09400e+03  2.205e+11  9.896729e-01  0.000000e+00  0.000000e+00
1.09600e+03  2.290e+11  9.896045e-01  0.000000e+00  0.000000e+00
1.09800e+03  2.381e+11  9.895297e-01  0.000000e+00  0.000000e+00
1.10000e+03  2.478e+11  9.894419e-01  0.000000e+00  0.000000e+00
1.10200e+03  2.583e+11  9.893426e-01  0.000000e+00  0.000000e+00
1.10400e+03  2.695e+11  9.892319e-01  0.000000e+00  0.000000e+00
1.10600e+03  2.817e+11  9.891022e-01  0.000000e+00  0.000000e+00
1.10800e+03  2.948e+11  9.889484e-01  0.000000e+00  0.000000e+00
1.11000e+03  3.092e+11  9.887686e-01  0.000000e+00  0.000000e+00
1.11200e+03  3.249e+11  9.885448e-01  0.000000e+00  0.000000e+00
1.11400e+03  3.421e+11  9.882635e-01  0.000000e+00  0.000000e+00
1.11600e+03  3.613e+11  9.879060e-01  0.000000e+00  0.000000e+00
1.11800e+03  3.828e+11  9.874481e-01  0.000000e+00  0.000000e+00
1.12000e+03  4.069e+11  9.868337e-01  0.000000e+00  0.000000e+00
1.12200e+03  4.343e+11  9.859797e-01  0.000000e+00  0.000000e+00
1.12400e+03  4.655e+11  9.848508e-01  0.000000e+00  0.000000e+00
1.12600e+03  5.013e+11  9.833424e-01  0.000000e+00  0.000000e+00
1.12800e+03  5.422e+11  9.813921e-01  0.000000e+00  0.000000e+00
1.13000e+03  5.892e+11  9.786761e-01  0.000000e+00  0.000000e+00
1.13200e+03  6.428e+11  9.750555e-01  0.000000e+00  0.000000e+00
1.13400e+03  7.031e+11  9.702832e-01  0.000000e+00  0.000000e+00
1.13600e+03  7.701e+11  9.641147e-01  0.000000e+00  0.000000e+00
1.13800e+03  8.436e+11  9.561246e-01  0.000000e+00  0.000000e+00
1.14000e+03  9.226e+11  9.453957e-01  0.000000e+00  0.000000e+00
1.14200e+03  1.007e+12  9.318046e-01  0.000000e+00  0.000000e+00
1.14400e+03  1.096e+12  9.144267e-01  0.000000e+00  0.000000e+00
1.14600e+03  1.190e+12  8.932550e-01  0.000000e+00  0.000000e+00
1.14800e+03  1.293e+12  8.677082e-01  0.000000e+00  0.000000e+00
1.15000e+03  1.410e+12  8.382956e-01  0.000000e+00  0.000000e+00
1.15200e+03  1.569e+12  8.081600e-01  0.000000e+00  0.000000e+00
1.15400e+03  1.809e+12  7.822332e-01  0.000000e+00  0.000000e+00
1.15600e+03  2.178e+12  7.662919e-01  0.000000e+00  0.000000e+00
1.15800e+03  2.785e+12  7.668241e-01  0.000000e+00  0.000000e+00
1.16000e+03  3.783e+12  7.840561e-01  0.000000e+00  0.000000e+00
1.16200e+03  5.392e+12  8.122519e-01  0.000000e+00  0.000000e+00
1.16400e+03  7.906e+12  8.438765e-01  0.000000e+00  0.000000e+00
1.16600e+03  1.175e+13  8.739735e-01  0.000000e+00  0.000000e+00
1.16800e+03  1.735e+13  8.993917e-01  0.000000e+00  0.000000e+00
1.17000e+03  2.542e+13  9.204935e-01  0.000000e+00  0.000000e+00
1.17200e+03  3.673e+13  9.375316e-01  0.000000e+00  0.000000e+00
1.17400e+03  5.194e+13  9.507627e-01  0.000000e+00  0.000000e+00
1.17600e+03  7.218e+13  9.613386e-01  0.000000e+00  0.000000e+00
1.17800e+03  9.835e+13  9.696552e-01  0.000000e+00  0.000000e+00
1.18000e+03  1.324e+14  9.764298e-01  0.000000e+00  0.000000e+00
1.18200e+03  1.759e+14  9.818636e-01  0.000000e+00  0.000000e+00
1.18400e+03  2.318e+14  9.862660e-01  0.000000e+00  0.000000e+00
1.18600e+03  3.061e+14  9.899208e-01  0.000000e+00  0.000000e+00
1.18800e+03  4.083e+14  9.929418e-01  0.000000e+00  0.000000e+00
1.19000e+03  5.482e+14  9.953506e-01  0.000000e+00  0.000000e+00
1.19200e+03  7.171e+14  9.971077e-01  0.000000e+00  0.000000e+00
1.19400e+03  8.691e+14  9.982716e-01  0.000000e+00  0.000000e+00
1.19600e+03  9.280e+14  9.989839e-01  0.000000e+00  0.000000e+00
1.19800e+03  8.260e+14  9.993841e-01  0.000000e+00  0.000000e+00
1.20000e+03  5.745e+14  9.995808e-01  0.000000e+00  0.000000e+00
1.20200e+03  2.975e+14  9.996371e-01  0.000000e+00  0.000000e+00
1.20400e+03  1.164e+14  9.995392e-01  0.000000e+00  0.000000e+00
1.20600e+03  4.035e+13  9.991719e-01  0.000000e+00  0.000000e+00
1.20800e+03  1.719e+13  9.985532e-01  0.000000e+00  0.000000e+00
1.21000e+03  1.022e+13  9.980383e-01  0.000000e+00  0.000000e+00
1.21200e+03  7.278e+12  9.976972e-01  0.000000e+00  0.000000e+00
1.21400e+03  5.582e+12  9.974349e-01  0.000000e+00  0.000000e+00
1.21600e+03  4.451e+12  9.972080e-01  0.000000e+00  0.000000e+00
1.21800e+03  3.648e+12  9.970063e-01  0.000000e+00  0.000000e+00
1.22000e+03  3.054e+12  9.968244e-01  0.000000e+00  0.000000e+00
1.22200e+03  2.599e+12  9.966581e-01  0.000000e+00  0.000000e+00
1.22400e+03  2.242e+12  9.965045e-01  0.000000e+00  0.000000e+00
1.22600e+03  1.957e+12  9.963621e-01  0.000000e+00  0.000000e+00
1.22800e+03  1.724e+12  9.962292e-01  0.000000e+00  0.000000e+00
1.23000e+03  1.532e+12  9.961041e-01  0.000000e+00  0.000000e+00
1.23200e+03  1.371e+12  9.959863e-01  0.000000e+00  0.000000e+00
1.23400e+03  1.236e+12  9.958747e-01  0.000000e+00  0.000000e+00
1.23600e+03  1.120e+12  9.957685e-01  0.000000e+00  0.000000e+00
1.23800e+03  1.020e+12  9.956671e-01  0.000000e+00  0.000000e+00
1.24000e+03  9.339e+11  9.955702e-01  0.000000e+00  0.000000e+00
1.24200e+03  8.584e+11  9.954771e-01  0.000000e+00  0.000000e+00
1.24400e+03  7.922e+11  9.953873e-01  0.000000e+00  0.000000e+00
1.24600e+03  7.337e+11  9.953008e-01  0.000000e+00  0.000000e+00
1.24800e+03  6.818e+11  9.952170e-01  0.000000e+00  0.000000e+00
1.25000e+03  6.355e+11  9.951358e-01  0.000000e+00  0.000000e+00
1.25200e+03  5.940e+11  9.950569e-01  0.000000e+00  0.000000e+00
1.25400e+03  5.568e+11  9.949800e-01  0.000000e+00  0.000000e+00
1.25600e+03  5.231e+11  9.949050e-01  0.000000e+00  0.000000e+00
1.25800e+03  4.927e+11  9.948318e-01  0.000000e+00  0.000000e+00
1.26000e+03  4.650e+11  9.947600e-01  0.000000e+00  0.000000e+00
1.26200e+03  4.398e+11  9.946895e-01  0.000000e+00  0.000000e+00
1.26400e+03  4.168e+11  9.946207e-01  0.000000e+00  0.000000e+00
1.26600e+03  3.958e+11  9.945528e-01  0.000000e+00  0.000000e+00
1.26800e+03  3.764e+11  9.944857e-01  0.000000e+00  0.000000e+00
1.27000e+03  3.586e+11  9.944200e-01  0.000000e+00  0.000000e+00
1.27200e+03  3.423e+11  9.943553e-01  0.000000e+00  0.000000e+00
1.27400e+03  3.271e+11  9.942907e-01  0.000000e+00  0.000000e+00
1.27600e+03  3.131e+11  9.942273e-01  0.000000e+00  0.000000e+00
1.27800e+03  3.001e+11  9.941651e-01  0.000000e+00  0.000000e+00
1.28000e+03  2.880e+11  9.941026e-01  0.000000e+00  0.000000e+00
1.28200e+03  2.768e+11  9.940407e-01  0.000000e+00  0.000000e+00
1.28400e+03  2.664e+11  9.939803e-01  0.000000e+00  0.000000e+00
1.28600e+03  2.566e+11  9.939198e-01  0.000000e+00  0.000000e+00
1.28800e+03  2.475e+11  9.938590e-01  0.000000e+00  0.000000e+00
1.29000e+03  2.390e+11  9.937999e-01  0.000000e+00  0.000000e+00
1.29200e+03  2.311e+11  9.937411e-01  0.000000e+00  0.000000e+00
1.29400e+03  2.236e+11  9.936813e-01  0.000000e+00  0.000000e+00
1.29600e+03  2.166e+11  9.936229e-01  0.000000e+00  0.000000e+00
1.29800e+03  2.101e+11  9.935656e-01  0.000000e+00  0.000000e+00
1.30000e+03  2.039e+11  9.935070e-01  0.000000e+00  0.000000e+00
1.30200e+03  1.981e+11  9.934489e-01  0.000000e+00  0.000000e+00
1.30400e+03  1.927e+11  9.933928e-01  0.000000e+00  0.000000e+00
1.30600e+03  1.876e+11  9.933357e-01  0.000000e+00  0.000000e+00
1.30800e+03  1.827e+11  9.932778e-01  0.000000e+00  0.000000e+00
1.31000e+03  1.782e+11  9.932223e-01  0.000000e+00  0.000000e+00
1.31200e+03  1.739e+11  9.931669e-01  0.000000e+00  0.000000e+00
1.31400e+03  1.698e+11  9.931097e-01  0.000000e+00  0.000000e+00
1.31600e+03  1.660e+11  9.930544e-01  0.000000e+00  0.000000e+00
1.31800e+03  1.624e+11  9.930005e-01  0.000000e+00  0.000000e+00
1.32000e+03  1.591e+11  9.929446e-01  0.000000e+00  0.000000e+00
1.32200e+03  1.558e+11  9.928892e-01  0.000000e+00  0.000000e+00
1.32400e+03  1.528e+11  9.928366e-01  0.000000e+00  0.000000e+00
1.32600e+03  1.500e+11  9.927825e-01  0.000000e+00  0.000000e+00
1.32800e+03  1.473e+11  9.927273e-01  0.000000e+00  0.000000e+00
1.33000e+03  1.448e+11  9.926754e-01  0.000000e+00  0.000000e+00
1.33200e+03  1.424e+11  9.926236e-01  0.000000e+00  0.000000e+00
1.33400e+03  1.401e+11  9.925693e-01  0.000000e+00  0.000000e+00
1.33600e+03  1.380e+11  9.925176e-01  0.000000e+00  0.000000e+00
1.33800e+03  1.361e+11  9.924680e-01  0.000000e+00  0.000000e+00
1.34000e+03  1.342e+11  9.924155e-01  0.000000e+00  0.000000e+00
1.34200e+03  1.324e+11  9.923640e-01  0.000000e+00  0.000000e+00
1.34400e+03  1.308e+11  9.923161e-01  0.000000e+00  0.000000e+00
1.34600e+03  1.293e+11  9.922663e-01  0.000000e+00  0.000000e+00
1.34800e+03  1.279e+11  9.922154e-01  0.000000e+00  0.000000e+00
1.35000e+03  1.266e+11  9.921687e-01  0.000000e+00  0.000000e+00
1.35200e+03  1.254e+11  9.921221e-01  0.000000e+00  0.000000e+00
1.35400e+03  1.242e+11  9.920726e-01  0.000000e+00  0.000000e+00
1.35600e+03  1.232e+11  9.920266e-01  0.000000e+00  0.000000e+00
1.35800e+03  1.222e+11  9.919832e-01  0.000000e+00  0.000000e+00
1.36000e+03  1.214e+11  9.919364e-01  0.000000e+00  0.000000e+00
1.36200e+03  1.205e+11  9.918910e-01  0.000000e+00  0.000000e+00
1.36400e+03  1.199e+11  9.918502e-01  0.000000e+00  0.000000e+00
1.36600e+03  1.193e+11  9.918071e-01  0.000000e+00  0.000000e+00
1.36800e+03  1.187e+11  9.917628e-01  0.000000e+00  0.000000e+00
1.37000e+03  1.182e+11  9.917239e-01  0.000000e+00  0.000000e+00
1.37200e+03  1.178e+11  9.916851e-01  0.000000e+00  0.000000e+00
1.37400e+03  1.175e+11  9.916431e-01  0.000000e+00  0.000000e+00
1.37600e+03  1.173e+11  9.916055e-01  0.000000e+00  0.000000e+00
1.37800e+03  1.171e+11  9.915708e-01  0.000000e+00  0.000000e+00
1.38000e+03  1.170e+11  9.915324e-01  0.000000e+00  0.000000e+00
1.38200e+03  1.170e+11  9.914960e-01  0.000000e+00  0.000000e+00
1.38400e+03  1.170e+11  9.914649e-01  0.000000e+00  0.000000e+00
1.38600e+03  1.172e+11  9.914312e-01  0.000000e+00  0.000000e+00
1.38800e+03  1.173e+11  9.913966e-01  0.000000e+00  0.000000e+00
1.39000e+03  1.176e+11  9.913681e-01  0.000000e+00  0.000000e+00
1.39200e+03  1.180e+11  9.913397e-01  0.000000e+00  0.000000e+00
1.39400e+03  1.184e+11  9.913082e-01  0.000000e+00  0.000000e+00
1.39600e+03  1.189e+11  9.912817e-01  0.000000e+00  0.000000e+00
1.39800e+03  1.195e+11  9.912584e-01  0.000000e+00  0.000000e+00
1.40000e+03  1.201e+11  9.912313e-01  0.000000e+00  0.000000e+00
1.40200e+03  1.208e+11  9.912067e-01  0.000000e+00  0.000000e+00
1.40400e+03  1.216e+11  9.911877e-01  0.000000e+00  0.000000e+00
1.40600e+03  1.225e+11  9.911662e-01  0.000000e+00  0.000000e+00
1.40800e+03  1.235e+11  9.911441e-01  0.000000e+00  0.000000e+00
1.41000e+03  1.245e+11  9.911285e-01  0.000000e+00  0.000000e+00
1.41200e+03  1.257e+11  9.911131e-01  0.000000e+00  0.000000e+00
1.41400e+03  1.269e+11  9.910947e-01  0.000000e+00  0.000000e+00
1.41600e+03  1.283e+11  9.910818e-01  0.000000e+00  0.000000e+00
1.41800e+03  1.298e+11  9.910722e-01  0.000000e+00  0.000000e+00
1.42000e+03  1.313e+11  9.910589e-01  0.000000e+00  0.000000e+00
1.42200e+03  1.329e+11  9.910485e-01  0.000000e+00  0.000000e+00
1.42400e+03  1.347e+11  9.910440e-01  0.000000e+00  0.000000e+00
1.42600e+03  1.366e+11  9.910369e-01  0.000000e+00  0.000000e+00
1.42800e+03  1.386e+11  9.910297e-01  0.000000e+00  0.000000e+00
1.43000e+03  1.407e+11  9.910293e-01  0.000000e+00  0.000000e+00
1.43200e+03  1.430e+11  9.910289e-01  0.000000e+00  0.000000e+00
1.43400e+03  1.454e+11  9.910259e-01  0.000000e+00  0.000000e+00
1.43600e+03  1.479e+11  9.910289e-01  0.000000e+00  0.000000e+00
1.43800e+03  1.506e+11  9.910350e-01  0.000000e+00  0.000000e+00
1.44000e+03  1.535e+11  9.910377e-01  0.000000e+00  0.000000e+00
1.44200e+03  1.565e+11  9.910438e-01  0.000000e+00  0.000000e+00
1.44400e+03  1.597e+11  9.910557e-01  0.000000e+00  0.000000e+00
1.44600e+03  1.631e+11  9.910650e-01  0.000000e+00  0.000000e+00
1.44800e+03  1.667e+11  9.910749e-01  0.000000e+00  0.000000e+00
1.45000e+03  1.706e+11  9.910915e-01  0.000000e+00  0.000000e+00
1.45200e+03  1.747e+11  9.911081e-01  0.000000e+00  0.000000e+00
1.45400e+03  1.790e+11  9.911227e-01  0.000000e+00  0.000000e+00
1.45600e+03  1.835e+11  9.911434e-01  0.000000e+00  0.000000e+00
1.45800e+03  1.884e+11  9.911670e-01  0.000000e+00  0.000000e+00
1.46000e+03  1.936e+11  9.911875e-01  0.000000e+00  0.000000e+00
1.46200e+03  1.991e+11  9.912119e-01  0.000000e+00  0.000000e+00
1.46400e+03  2.050e+11  9.912415e-01  0.000000e+00  0.000000e+00
1.46600e+03  2.112e+11  9.912686e-01  0.000000e+00  0.000000e+00
1.46800e+03  2.178e+11  9.912959e-01  0.000000e+00  0.000000e+00
1.47000e+03  2.249e+11  9.913250e-01  0.000000e+00  0.000000e+00
1.47200e+03  2.326e+11  9.913424e-01  0.000000e+00  0.000000e+00
1.47400e+03  2.407e+11  9.913457e-01  0.000000e+00  0.000000e+00
1.47600e+03  2.494e+11  9.913388e-01  0.000000e+00  0.000000e+00
1.47800e+03  2.589e+11  9.913172e-01  0.000000e+00  0.000000e+00
1.48000e+03  2.691e+11  9.912789e-01  0.000000e+00  0.000000e+00
1.48200e+03  2.801e+11  9.912273e-01  0.000000e+00  0.000000e+00
1.48400e+03  2.921e+11  9.911561e-01  0.000000e+00  0.000000e+00
1.48600e+03  3.052e+11  9.910492e-01  0.000000e+00  0.000000e+00
1.48800e+03  3.197e+11  9.909007e-01  0.000000e+00  0.000000e+00
1.49000e+03  3.358e+11  9.907064e-01  0.000000e+00  0.000000e+00
1.49200e+03  3.540e+11  9.904511e-01  0.000000e+00  0.000000e+00
1.49400e+03  3.747e+11  9.901254e-01  0.000000e+00  0.000000e+00
1.49600e+03  3.987e+11  9.897296e-01  0.000000e+00  0.000000e+00
1.49800e+03  4.269e+11  9.892594e-01  0.000000e+00  0.000000e+00
1.50000e+03  4.608e+11  9.887148e-01  0.000000e+00  0.000000e+00
1.50200e+03  5.021e+11  9.881157e-01  0.000000e+00  0.000000e+00
1.50400e+03  5.538e+11  9.874928e-01  0.000000e+00  0.000000e+00
1.50600e+03  6.185e+11  9.868750e-01  0.000000e+00  0.000000e+00
1.50800e+03  7.013e+11  9.863182e-01  0.000000e+00  0.000000e+00
1.51000e+03  8.110e+11  9.858999e-01  0.000000e+00  0.000000e+00
1.51200e+03  9.525e+11  9.856405e-01  0.000000e+00  0.000000e+00
1.51400e+03  1.139e+12  9.856028e-01  0.000000e+00  0.000000e+00
1.51600e+03  1.389e+12  9.858162e-01  0.000000e+00  0.000000e+00
1.51800e+03  1.713e+12  9.862096e-01  0.000000e+00  0.000000e+00
1.52000e+03  2.147e+12  9.868309e-01  0.000000e+00  0.000000e+00
1.52200e+03  2.722e+12  9.876104e-01  0.000000e+00  0.000000e+00
1.52400e+03  3.466e+12  9.884652e-01  0.000000e+00  0.000000e+00
1.52600e+03  4.457e+12  9.894487e-01  0.000000e+00  0.000000e+00
1.52800e+03  5.744e+12  9.904461e-01  0.000000e+00  0.000000e+00
1.53000e+03  7.398e+12  9.914318e-01  0.000000e+00  0.000000e+00
1.53200e+03  9.560e+12  9.924359e-01  0.000000e+00  0.000000e+00
1.53400e+03  1.229e+13  9.933665e-01  0.000000e+00  0.000000e+00
1.53600e+03  1.574e+13  9.942403e-01  0.000000e+00  0.000000e+00
1.53800e+03  2.008e+13  9.950630e-01  0.000000e+00  0.000000e+00
1.54000e+03  2.541e+13  9.957959e-01  0.000000e+00  0.000000e+00
1.54200e+03  3.195e+13  9.964691e-01  0.000000e+00  0.000000e+00
1.54400e+03  3.991e+13  9.970794e-01  0.000000e+00  0.000000e+00
1.54600e+03  4.939e+13  9.976144e-01  0.000000e+00  0.000000e+00
1.54800e+03  6.068e+13  9.980872e-01  0.000000e+00  0.000000e+00
1.55000e+03  7.390e+13  9.984971e-01  0.000000e+00  0.000000e+00
1.55200e+03  8.913e+13  9.988440e-01  0.000000e+00  0.000000e+00
1.55400e+03  1.065e+14  9.991305e-01  0.000000e+00  0.000000e+00
1.55600e+03  1.260e+14  9.993563e-01  0.000000e+00  0.000000e+00
1.55800e+03  1.475e+14  9.995204e-01  0.000000e+00  0.000000e+00
1.56000e+03  1.710e+14  9.996212e-01  0.000000e+00  0.000000e+00
1.56200e+03  1.961e+14  9.996560e-01  0.000000e+00  0.000000e+00
1.56400e+03  2.224e+14  9.996202e-01  0.000000e+00  0.000000e+00
1.56600e+03  2.494e+14  9.995079e-01  0.000000e+00  0.000000e+00
1.56800e+03  2.764e+14  9.993095e-01  0.000000e+00  0.000000e+00
1.57000e+03  3.028e+14  9.990103e-01  0.000000e+00  0.000000e+00
1.57200e+03  3.278e+14  9.985971e-01  0.000000e+00  0.000000e+00
1.57400e+03  3.504e+14  9.980308e-01  0.000000e+00  0.000000e+00
1.57600e+03  3.695e+14  9.972618e-01  0.000000e+00  0.000000e+00
1.57800e+03  3.842e+14  9.962837e-01  0.000000e+00  0.000000e+00
1.58000e+03  3.936e+14  9.948469e-01  0.000000e+00  0.000000e+00
1.58200e+03  3.975e+14  9.926531e-01  0.000000e+00  0.000000e+00
1.58400e+03  3.953e+14  9.895345e-01  0.000000e+00  0.000000e+00
1.58600e+03  3.854e+14  9.850312e-01  0.000000e+00  0.000000e+00
1.58800e+03  3.652e+14  9.790702e-01  0.000000e+00  0.000000e+00
1.59000e+03  3.326e+14  9.721240e-01  0.000000e+00  0.000000e+00
1.59200e+03  2.871e+14  9.652724e-01  0.000000e+00  0.000000e+00
1.59400e+03  2.312e+14  9.596682e-01  0.000000e+00  0.000000e+00
1.59600e+03  1.705e+14  9.559234e-01  0.000000e+00  0.000000e+00
1.59800e+03  1.127e+14  9.540016e-01  0.000000e+00  0.000000e+00
1.60000e+03  6.582e+13  9.536176e-01  0.000000e+00  0.000000e+00
1.60200e+03  3.404e+13  9.547172e-01  0.000000e+00  0.000000e+00
1.60400e+03  1.631e+13  9.577327e-01  0.000000e+00  0.000000e+00
1.60600e+03  8.077e+12  9.629693e-01  0.000000e+00  0.000000e+00
1.60800e+03  4.710e+12  9.688927e-01  0.000000e+00  0.000000e+00
1.61000e+03  3.315e+12  9.731366e-01  0.000000e+00  0.000000e+00
1.61200e+03  2.619e+12  9.755461e-01  0.000000e+00  0.000000e+00
1.61400e+03  2.182e+12  9.770352e-01  0.000000e+00  0.000000e+00
1.61600e+03  1.868e+12  9.781163e-01  0.000000e+00  0.000000e+00
1.61800e+03  1.626e+12  9.789821e-01  0.000000e+00  0.000000e+00
1.62000e+03  1.434e+12  9.796985e-01  0.000000e+00  0.000000e+00
1.62200e+03  1.277e+12  9.803149e-01  0.000000e+00  0.000000e+00
1.62400e+03  1.146e+12  9.808508e-01  0.000000e+00  0.000000e+00
1.62600e+03  1.037e+12  9.813126e-01  0.000000e+00  0.000000e+00
1.62800e+03  9.436e+11  9.817223e-01  0.000000e+00  0.000000e+00
1.63000e+03  8.633e+11  9.820931e-01  0.000000e+00  0.000000e+00
1.63200e+03  7.938e+11  9.824200e-01  0.000000e+00  0.000000e+00
1.63400e+03  7.329e+11  9.827117e-01  0.000000e+00  0.000000e+00
1.63600e+03  6.793e+11  9.829826e-01  0.000000e+00  0.000000e+00
1.63800e+03  6.319e+11  9.832273e-01  0.000000e+00  0.000000e+00
1.64000e+03  5.897e+11  9.834445e-01  0.000000e+00  0.000000e+00
1.64200e+03  5.519e+11  9.836479e-01  0.000000e+00  0.000000e+00
1.64400e+03  5.180e+11  9.838373e-01  0.000000e+00  0.000000e+00
1.64600e+03  4.874e+11  9.840046e-01  0.000000e+00  0.000000e+00
1.64800e+03  4.596e+11  9.841595e-01  0.000000e+00  0.000000e+00
1.65000e+03  4.344e+11  9.843082e-01  0.000000e+00  0.000000e+00
1.65200e+03  4.115e+11  9.844407e-01  0.000000e+00  0.000000e+00
1.65400e+03  3.904e+11  9.845596e-01  0.000000e+00  0.000000e+00
1.65600e+03  3.712e+11  9.846759e-01  0.000000e+00  0.000000e+00
1.65800e+03  3.535e+11  9.847825e-01  0.000000e+00  0.000000e+00
1.66000e+03  3.372e+11  9.848748e-01  0.000000e+00  0.000000e+00
1.66200e+03  3.221e+11  9.849641e-01  0.000000e+00  0.000000e+00
1.66400e+03  3.082e+11  9.850497e-01  0.000000e+00  0.000000e+00
1.66600e+03  2.952e+11  9.851222e-01  0.000000e+00  0.000000e+00
1.66800e+03  2.832e+11  9.851890e-01  0.000000e+00  0.000000e+00
1.67000e+03  2.721e+11  9.852562e-01  0.000000e+00  0.000000e+00
1.67200e+03  2.617e+11  9.853136e-01  0.000000e+00  0.000000e+00
1.67400e+03  2.519e+11  9.853621e-01  0.000000e+00  0.000000e+00
1.67600e+03  2.429e+11  9.854119e-01  0.000000e+00  0.000000e+00
1.67800e+03  2.344e+11  9.854567e-01  0.000000e+00  0.000000e+00
1.68000e+03  2.264e+11  9.854909e-01  0.000000e+00  0.000000e+00
1.68200e+03  2.189e+11  9.855244e-01  0.000000e+00  0.000000e+00
1.68400e+03  2.119e+11  9.855577e-01  0.000000e+00  0.000000e+00
1.68600e+03  2.053e+11  9.855807e-01  0.000000e+00  0.000000e+00
1.68800e+03  1.991e+11  9.855997e-01  0.000000e+00  0.000000e+00
1.69000e+03  1.933e+11  9.856210e-01  0.000000e+00  0.000000e+00
1.69200e+03  1.878e+11  9.856352e-01  0.000000e+00  0.000000e+00
1.69400e+03  1.826e+11  9.856418e-01  0.000000e+00  0.000000e+00
1.69600e+03  1.777e+11  9.856508e-01  0.000000e+00  0.000000e+00
1.69800e+03  1.730e+11  9.856569e-01  0.000000e+00  0.000000e+00
1.70000e+03  1.687e+11  9.856536e-01  0.000000e+00  0.000000e+00
1.70200e+03  1.645e+11  9.856502e-01  0.000000e+00  0.000000e+00
1.70400e+03  1.606e+11  9.856479e-01  0.000000e+00  0.000000e+00
1.70600e+03  1.569e+11  9.856369e-01  0.000000e+00  0.000000e+00
1.70800e+03  1.533e+11  9.856220e-01  0.000000e+00  0.000000e+00
1.71000e+03  1.500e+11  9.856103e-01  0.000000e+00  0.000000e+00
1.71200e+03  1.469e+11  9.855929e-01  0.000000e+00  0.000000e+00
1.71400e+03  1.438e+11  9.855681e-01  0.000000e+00  0.000000e+00
1.71600e+03  1.410e+11  9.855460e-01  0.000000e+00  0.000000e+00
1.71800e+03  1.383e+11  9.855224e-01  0.000000e+00  0.000000e+00
1.72000e+03  1.358e+11  9.854898e-01  0.000000e+00  0.000000e+00
1.72200e+03  1.333e+11  9.854570e-01  0.000000e+00  0.000000e+00
1.72400e+03  1.310e+11  9.854263e-01  0.000000e+00  0.000000e+00
1.72600e+03  1.289e+11  9.853877e-01  0.000000e+00  0.000000e+00
1.72800e+03  1.268e+11  9.853449e-01  0.000000e+00  0.000000e+00
1.73000e+03  1.249e+11  9.853059e-01  0.000000e+00  0.000000e+00
1.73200e+03  1.230e+11  9.852621e-01  0.000000e+00  0.000000e+00
1.73400e+03  1.213e+11  9.852110e-01  0.000000e+00  0.000000e+00
1.73600e+03  1.196e+11  9.851625e-01  0.000000e+00  0.000000e+00
1.73800e+03  1.181e+11  9.851134e-01  0.000000e+00  0.000000e+00
1.74000e+03  1.166e+11  9.850558e-01  0.000000e+00  0.000000e+00
1.74200e+03  1.152e+11  9.849976e-01  0.000000e+00  0.000000e+00
1.74400e+03  1.139e+11  9.849422e-01  0.000000e+00  0.000000e+00
1.74600e+03  1.127e+11  9.848797e-01  0.000000e+00  0.000000e+00
1.74800e+03  1.115e+11  9.848127e-01  0.000000e+00  0.000000e+00
1.75000e+03  1.105e+11  9.847496e-01  0.000000e+00  0.000000e+00
1.75200e+03  1.095e+11  9.846828e-01  0.000000e+00  0.000000e+00
1.75400e+03  1.086e+11  9.846086e-01  0.000000e+00  0.000000e+00
1.75600e+03  1.077e+11  9.845369e-01  0.000000e+00  0.000000e+00
1.75800e+03  1.069e+11  9.844655e-01  0.000000e+00  0.000000e+00
1.76000e+03  1.062e+11  9.843861e-01  0.000000e+00  0.000000e+00
1.76200e+03  1.055e+11  9.843057e-01  0.000000e+00  0.000000e+00
1.76400e+03  1.049e+11  9.842286e-01  0.000000e+00  0.000000e+00
1.76600e+03  1.044e+11  9.841454e-01  0.000000e+00  0.000000e+00
1.76800e+03  1.039e+11  9.840574e-01  0.000000e+00  0.000000e+00
1.77000e+03  1.035e+11  9.839734e-01  0.000000e+00  0.000000e+00
1.77200e+03  1.031e+11  9.838868e-01  0.000000e+00  0.000000e+00
1.77400e+03  1.028e+11  9.837930e-01  0.000000e+00  0.000000e+00
1.77600e+03  1.026e+11  9.837014e-01  0.000000e+00  0.000000e+00
1.77800e+03  1.024e+11  9.836110e-01  0.000000e+00  0.000000e+00
1.78000e+03  1.023e+11  9.835133e-01  0.000000e+00  0.000000e+00
1.78200e+03  1.022e+11  9.834143e-01  0.000000e+00  0.000000e+00
1.78400e+03  1.022e+11  9.833191e-01  0.000000e+00  0.000000e+00
1.78600e+03  1.023e+11  9.832188e-01  0.000000e+00  0.000000e+00
1.78800e+03  1.024e+11  9.831138e-01  0.000000e+00  0.000000e+00
1.79000e+03  1.026e+11  9.830127e-01  0.000000e+00  0.000000e+00
1.79200e+03  1.028e+11  9.829102e-01  0.000000e+00  0.000000e+00
1.79400e+03  1.031e+11  9.828010e-01  0.000000e+00  0.000000e+00
1.79600e+03  1.034e+11  9.826937e-01  0.000000e+00  0.000000e+00
1.79800e+03  1.039e+11  9.825885e-01  0.000000e+00  0.000000e+00
1.80000e+03  1.043e+11  9.824770e-01  0.000000e+00  0.000000e+00
1.80200e+03  1.049e+11  9.823641e-01  0.000000e+00  0.000000e+00
1.80400e+03  1.055e+11  9.822553e-01  0.000000e+00  0.000000e+00
1.80600e+03  1.062e+11  9.821428e-01  0.000000e+00  0.000000e+00
1.80800e+03  1.069e+11  9.820258e-01  0.000000e+00  0.000000e+00
1.81000e+03  1.078e+11  9.819128e-01  0.000000e+00  0.000000e+00
1.81200e+03  1.087e+11  9.817996e-01  0.000000e+00  0.000000e+00
1.81400e+03  1.097e+11  9.816806e-01  0.000000e+00  0.000000e+00
1.81600e+03  1.107e+11  9.815634e-01  0.000000e+00  0.000000e+00
1.81800e+03  1.119e+11  9.814492e-01  0.000000e+00  0.000000e+00
1.82000e+03  1.131e+11  9.813302e-01  0.000000e+00  0.000000e+00
1.82200e+03  1.144e+11  9.812100e-01  0.000000e+00  0.000000e+00
1.82400e+03  1.159e+11  9.810947e-01  0.000000e+00  0.000000e+00
1.82600e+03  1.174e+11  9.809776e-01  0.000000e+00  0.000000e+00
1.82800e+03  1.191e+11  9.808573e-01  0.000000e+00  0.000000e+00
1.83000e+03  1.209e+11  9.807420e-01  0.000000e+00  0.000000e+00
1.83200e+03  1.228e+11  9.806295e-01  0.000000e+00  0.000000e+00
1.83400e+03  1.248e+11  9.805148e-01  0.000000e+00  0.000000e+00
1.83600e+03  1.270e+11  9.804050e-01  0.000000e+00  0.000000e+00
1.83800e+03  1.294e+11  9.803032e-01  0.000000e+00  0.000000e+00
1.84000e+03  1.320e+11  9.802044e-01  0.000000e+00  0.000000e+00
1.84200e+03  1.348e+11  9.801126e-01  0.000000e+00  0.000000e+00
1.84400e+03  1.379e+11  9.800368e-01  0.000000e+00  0.000000e+00
1.84600e+03  1.413e+11  9.799751e-01  0.000000e+00  0.000000e+00
1.84800e+03  1.451e+11  9.799303e-01  0.000000e+00  0.000000e+00
1.85000e+03  1.493e+11  9.799139e-01  0.000000e+00  0.000000e+00
1.85200e+03  1.540e+11  9.799336e-01  0.000000e+00  0.000000e+00
1.85400e+03  1.594e+11  9.799918e-01  0.000000e+00  0.000000e+00
1.85600e+03  1.655e+11  9.801035e-01  0.000000e+00  0.000000e+00
1.85800e+03  1.727e+11  9.802846e-01  0.000000e+00  0.000000e+00
1.86000e+03  1.813e+11  9.805520e-01  0.000000e+00  0.000000e+00
1.86200e+03  1.913e+11  9.809084e-01  0.000000e+00  0.000000e+00
1.86400e+03  2.032e+11  9.813567e-01  0.000000e+00  0.000000e+00
1.86600e+03  2.176e+11  9.819293e-01  0.000000e+00  0.000000e+00
1.86800e+03  2.356e+11  9.826581e-01  0.000000e+00  0.000000e+00
1.87000e+03  2.575e+11  9.835020e-01  0.000000e+00  0.000000e+00
1.87200e+03  2.837e+11  9.844211e-01  0.000000e+00  0.000000e+00
1.87400e+03  3.165e+11  9.854569e-01  0.000000e+00  0.000000e+00
1.87600e+03  3.580e+11  9.865981e-01  0.000000e+00  0.000000e+00
1.87800e+03  4.088e+11  9.877537e-01  0.000000e+00  0.000000e+00
1.88000e+03  4.704e+11  9.888824e-01  0.000000e+00  0.000000e+00
1.88200e+03  5.483e+11  9.900260e-01  0.000000e+00  0.000000e+00
1.88400e+03  6.463e+11  9.911366e-01  0.000000e+00  0.000000e+00
1.88600e+03  7.652e+11  9.921442e-01  0.000000e+00  0.000000e+00
1.88800e+03  9.095e+11  9.930384e-01  0.000000e+00  0.000000e+00
1.89000e+03  1.091e+12  9.938362e-01  0.000000e+00  0.000000e+00
1.89200e+03  1.313e+12  9.945171e-01  0.000000e+00  0.000000e+00
1.89400e+03  1.579e+12  9.950751e-01  0.000000e+00  0.000000e+00
1.89600e+03  1.900e+12  9.955221e-01  0.000000e+00  0.000000e+00
1.89800e+03  2.295e+12  9.958680e-01  0.000000e+00  0.000000e+00
1.90000e+03  2.771e+12  9.961222e-01  0.000000e+00  0.000000e+00
1.90200e+03  3.329e+12  9.962925e-01  0.000000e+00  0.000000e+00
1.90400e+03  3.990e+12  9.963431e-01  0.000000e+00  0.000000e+00
1.90600e+03  4.770e+12  9.962664e-01  0.000000e+00  0.000000e+00
1.90800e+03  5.676e+12  9.961067e-01  0.000000e+00  0.000000e+00
1.91000e+03  6.715e+12  9.958804e-01  0.000000e+00  0.000000e+00
1.91200e+03  7.930e+12  9.955380e-01  0.000000e+00  0.000000e+00
1.91400e+03  9.346e+12  9.950923e-01  0.000000e+00  0.000000e+00
1.91600e+03  1.096e+13  9.945942e-01  0.000000e+00  0.000000e+00
1.91800e+03  1.278e+13  9.940287e-01  0.000000e+00  0.000000e+00
1.92000e+03  1.476e+13  9.932991e-01  0.000000e+00  0.000000e+00
1.92200e+03  1.689e+13  9.924248e-01  0.000000e+00  0.000000e+00
1.92400e+03  1.916e+13  9.914578e-01  0.000000e+00  0.000000e+00
1.92600e+03  2.157e+13  9.903574e-01  0.000000e+00  0.000000e+00
1.92800e+03  2.406e+13  9.890311e-01  0.000000e+00  0.000000e+00
1.93000e+03  2.663e+13  9.875116e-01  0.000000e+00  0.000000e+00
1.93200e+03  2.926e+13  9.858334e-01  0.000000e+00  0.000000e+00
1.93400e+03  3.184e+13  9.838786e-01  0.000000e+00  0.000000e+00
1.93600e+03  3.424e+13  9.815073e-01  0.000000e+00  0.000000e+00
1.93800e+03  3.644e+13  9.787265e-01  0.000000e+00  0.000000e+00
1.94000e+03  3.839e+13  9.755149e-01  0.000000e+00  0.000000e+00
1.94200e+03  3.990e+13  9.716503e-01  0.000000e+00  0.000000e+00
1.94400e+03  4.082e+13  9.668948e-01  0.000000e+00  0.000000e+00
1.94600e+03  4.113e+13  9.610819e-01  0.000000e+00  0.000000e+00
1.94800e+03  4.083e+13  9.539861e-01  0.000000e+00  0.000000e+00
1.95000e+03  3.989e+13  9.452917e-01  0.000000e+00  0.000000e+00
1.95200e+03  3.830e+13  9.344762e-01  0.000000e+00  0.000000e+00
1.95400e+03  3.608e+13  9.207226e-01  0.000000e+00  0.000000e+00
1.95600e+03  3.332e+13  9.030367e-01  0.000000e+00  0.000000e+00
1.95800e+03  3.025e+13  8.804375e-01  0.000000e+00  0.000000e+00
1.96000e+03  2.694e+13  8.510069e-01  0.000000e+00  0.000000e+00
1.96200e+03  2.349e+13  8.117829e-01  0.000000e+00  0.000000e+00
1.96400e+03  2.054e+13  7.649047e-01  0.000000e+00  0.000000e+00
1.96600e+03  1.897e+13  7.246017e-01  0.000000e+00  0.000000e+00
1.96800e+03  1.900e+13  7.052201e-01  0.000000e+00  0.000000e+00
1.97000e+03  2.093e+13  7.152767e-01  0.000000e+00  0.000000e+00
1.97200e+03  2.613e+13  7.597961e-01  0.000000e+00  0.000000e+00
1.97400e+03  3.622e+13  8.195690e-01  0.000000e+00  0.000000e+00
1.97600e+03  5.357e+13  8.745948e-01  0.000000e+00  0.000000e+00
1.97800e+03  8.050e+13  9.154128e-01  0.000000e+00  0.000000e+00
1.98000e+03  1.205e+14  9.437339e-01  0.000000e+00  0.000000e+00
1.98200e+03  1.772e+14  9.627310e-01  0.000000e+00  0.000000e+00
1.98400e+03  2.521e+14  9.752225e-01  0.000000e+00  0.000000e+00
1.98600e+03  3.428e+14  9.834074e-01  0.000000e+00  0.000000e+00
1.98800e+03  4.416e+14  9.888064e-01  0.000000e+00  0.000000e+00
1.99000e+03  5.355e+14  9.924121e-01  0.000000e+00  0.000000e+00
1.99200e+03  6.082e+14  9.948445e-01  0.000000e+00  0.000000e+00
1.99400e+03  6.421e+14  9.964832e-01  0.000000e+00  0.000000e+00
1.99600e+03  6.233e+14  9.975748e-01  0.000000e+00  0.000000e+00
1.99800e+03  5.482e+14  9.982855e-01  0.000000e+00  0.000000e+00
2.00000e+03  4.305e+14  9.987320e-01  0.000000e+00  0.000000e+00
